0,520
0,472
101,3
101,2
101,1
101,0
100,3
100,2
100,1
100,0
99,3
99,2
99,1
99,0
98,52
98,51
98,50
98,49
98,48
98,47
98,46
98,45
98,44
98,43
98,42
98,41
98,40
98,39
98,38
98,37
98,36
98,35
0,273
0,270
10,188
10,142
10,80
10,130
10,148
10,182
10,264
10,282
10,2
10,3
9,6
9,4
8,17
8,6
8,4
8,12
8,11
97,3
97,2
97,1
97,0
93,4
93,3
93,2
93,1
93,0
75,4
75,3
75,2
75,1
75,0
73,5
73,4
73,3
73,2
73,1
73,0
67,3
67,2
67,1
67,0
56,3
56,1
20,3
20,2
20,1
19,3
19,2
19,1
18,3
18,1
14,3
14,1
13,3
13,1
12,3
12,2
12,1
11,28
11,27
11,26
11,25
11,24
11,23
11,22
11,21
11,20
11,19
11,18
11,17
11,16
11,15
11,14
11,13
11,12
11,11
11,10
11,9
11,8
11,6
11,5
11,3
11,2
